406e3b5559fbadca8ab1da95d3b6de00eb4673751713696bea4fa800203701c2 51 25 328736 21317
643b407a1370dc9a09752cf409b9211940e91abaa889a9f9227850b473fbed17 6 6 2641353 208583
05a384871c340c966eb3ada4b1e3f9bf8d9f184b05319228e30fe07197ab1291 987 0 0 0
ca76df2e3ef62c2fbab0195fc60ec73f8f723ff424914d946a64b1a1bfcc340e 32 25 28225 1047
6e72969f80c3785e091c8cece284e68bc482a4c9ae0a7f114e272c526727e0ac 7 4 302 2
b1a9203ad85eda487bd6195908ddad13cbd25cba1f289a883d955526e620ab32 70 55 1720 1061
b01c785f7c160ac64e93af8126a80957cbc352e13d06b7cd40a3e040cc99d1fe 213 98 2185 109261
07ca9e4170412b6a33f8710b856627fc00affbc14949f4963d21b127046f6078 131 35 671 430
eb85e07815146bd7b216cfa5d788c788137b3db5ec1afc933fd2eeab5f915796 3 2 217 108
e73c2f7dc0e4a527671074f79b69291f0f9a3ea64b3d2d50d8fdeca878be16d2 212 4 1118 24
9123c10506405459446a7cc6877e739dbad7697f4edd9c0199100a209e4b1bc2 84 46 24053 5226
c58bb6c0c71dc8ad83f177b71e75c02f09468e63afa34a31f70df0b163633686 2 2 670 0
4b3d705a59af6a79a1e3eafd6f01b2b8b60cb0cb6f0ce3a40f70f04fe70ffe8b 4523 1032 155853 126375
e4f8923651600ca90894ce7d652eaee4fd2ed48aaef8c61b4c32116b1c2518cb 12 0 0 0
f77365a4c9c237e3678f86c8abcc3fb1170eda380f1c8785e40bfd2c9879d726 2 2 148 5
990647b08efbb8322f5991f7c6826c882eb42d2a1293aa9b2a04a5e874060ffa 38 21 1078 358
807a1e5a3d2390b084f76d79146c2ad76f5f8082cd018919193aa57c0fa54fe0 231 131 58378 39787
07a2d584c1e99ab2931385f7422212bc7049af8155bf34908a60b28157256faf 3861 1834 180314 172813
e85bd8be34450fe83685d91f6c51240215cdf00a8d5d03bf0db2b024db6f63ee 12 12 975212 625692
000940def2d1bf977a872c4e87e6e2f6c5c73445c9f54a16b613dea53f12dd53 2 0 0 0